1000514
1011371
1002127
1001167
1000530
1003447
1015958
1010147
1004089
1000512
1015973
1004634
1012247
1015032
1013871
1014570
1010215
1015177
1015644
1001176
1003453
1011368
1016794
1004539
1015981
1000511
1000513
1012392
1013271
1016717
1014780
1000961
1013589
1015480
1002108
1011369
1013830
1016544
1011778
1000524
1000070
1003299
1014206
1013114
1000462
1013201
1014457
1013285
1004035
1012210
1015019
1003435
1015216
1013944
1015772
1014904
1000463
1000960
1001179
1001182
1013702
1003096
1003952
1013590
1015645
1010665
1013689

